# t data
0.000000000000000000e+00 1.024835707650561645e+00
1.428571428571428492e-01 9.022432278181538035e-01
2.857142857142856984e-01 8.589498645292726886e-01
4.285714285714285476e-01 8.276287858956872245e-01
5.714285714285713969e-01 6.715027539387814492e-01
7.142857142857141906e-01 6.094383097679926253e-01
8.571428571428570953e-01 6.436787627831288550e-01
1.000000000000000000e+00 5.517888554902374842e-01
1.142857142857142794e+00 4.433027623549337659e-01
1.285714285714285587e+00 4.515008478562482219e-01
1.428571428571428381e+00 3.626504221885010759e-01
1.571428571428571397e+00 3.274854392242985690e-01
1.714285714285714191e+00 3.310046709022721467e-01
1.857142857142856984e+00 1.942719390338297214e-01
2.000000000000000000e+00 1.773512464900751096e-01
